0,318
0,317
0,316
0,315
0,314
0,313
0,312
0,308
0,306
0,304
0,302
0,446
0,443
0,440
0,439
0,437
0,435
0,433
0,431
0,429
0,472
50,52
50,51
50,50
50,49
50,48
50,47
50,46
50,45
50,44
50,43
50,42
50,41
50,40
50,39
50,38
50,37
50,36
50,35
0,273
0,270
10,217
10,177
10,249
10,309
10,75
10,29
10,2
10,3
9,5
9,1
9,7
9,2
9,3
8,16
8,5
8,10
8,7
8,15
8,6
8,2
8,3
18,1
18,3
14,1
14,3
13,1
13,3
2,2
2,1
2,3
49,4
49,3
49,2
49,1
49,0
37,5
37,4
37,3
37,2
37,1
37,0
35,5
35,4
35,3
35,2
35,1
35,0
34,5
34,4
34,3
34,2
34,1
34,0
31,3
31,2
31,1
31,0
29,5
29,4
29,3
29,2
29,1
29,0
28,4
28,3
28,2
28,1
28,0
27,3
27,2
27,1
27,0
24,3
24,2
24,1
24,0
20,3
20,2
20,1
19,3
19,2
